0.340751 0.468322 0.151545 0.855986 0.0635051 0.133617 -0.0644687 
-0.233685 0.185587 -0.0305805 -0.17489 0.195891 -0.593216 0.18793 
-0.231925 -0.659439 0.387032 0.346502 -0.190092 0.563006 -0.381447 
0.113072 0.25639 0.355127 0.343581 0.0614203 -0.115518 0.440028 
0.496205 0.241389 -0.11101 -0.543539 -0.0973638 0.156078 -0.110276 
0.045912 0.697173 -0.15979 0.495867 0.187072 -0.0793703 0.330012 
0.0560834 -0.275874 0.237702 0.0170938 -0.202267 -0.0427958 -0.355208 
0.125365 0.174421 0.531162 0.212951 -0.414905 0.0711243 0.0105225 
0.0242155 0.371708 -0.22619 -0.323505 0.676113 -0.413413 0.288465 
-0.237724 -0.0375943 0.428237 -0.392381 0.161183 -0.0140575 -0.369204 
-0.0039769 0.267818 -0.273002 0.0831753 0.0399492 0.24653 -0.411083 
0.564986 0.213456 0.238865 0.179913 0.433081 -0.262012 0.305472 
-0.353692 0.0795785 -0.00579977 0.388899 -0.0156708 0.237097 0.174766 
0.526913 0.0994049 -0.488245 -0.329273 0.0788562 -0.356833 0.163034 
0.316783 0.332409 0.284134 -0.395729 0.217757 -0.258395 0.160207 
0.412192 -0.203284 0.274215 -0.162918 -0.110072 0.292904 -0.201126 
0.408569 -0.524949 -0.00429168 0.129096 0.358462 -0.116138 0.0682279 
0.171452 -0.452734 0.00511909 0.434687 -0.212471 -0.121696 -0.0800997 
-0.079871 -0.122601 0.313846 -0.363645 0.133272 -0.284098 0.347072 
0.491085 -0.752772 0.429069 0.16711 -0.0373258 0.590145 -0.175045 
-0.116646 -0.189798 0.330628 -0.360906 -0.328124 -0.266727 -0.0561697 
0.0975032 0.375224 -0.410852 0.388915 -0.0276977 0.0903635 0.573187 
-0.256511 0.0701932 -0.115204 0.173141 -0.521802 0.271227 0.149217 
0.528129 0.496689 -0.0864447 -0.332356 0.0834504 0.165985 -0.0889167 
0.0891453 0.103204 0.0193629 -0.118316 -0.112463 0.126045 0.36676 
0.0680218 0.146277 0.165915 -0.389737 0.393237 -0.284904 -0.0479762 
0.364937 0.217848 -0.0295883 -0.206116 0.0733936 0.269665 -0.194489 
-0.112719 0.0549079 0.51133 0.246364 -0.154574 -0.438978 0.0712668 
0.0696048 0.48435 -0.118955 0.0293407 0.183354 -0.387703 -0.00637144 
0.437937 -0.125288 0.0404411 -0.161756 0.141483 -0.335956 0.254659 
0.31378 0.47915 0.436344 -0.043412 0.602959 -0.0909916 -0.072858 
-0.08683 0.0746237 0.198722 0.326903 0.0291746 -0.0628452 0.0919843 
0.0191427 0.0528653 0.11282 0.210908 -0.564348 0.0515068 -0.462946 
0.0574293 -0.330688 0.0685087 0.0422285 0.083609 -0.149932 -0.0724725 
0.576579 -0.825261 0.708528 0.26291 -0.0585501 0.177599 -0.318697 
0.507764 -0.432332 0.0731162 -0.0225767 0.080846 -0.142906 -0.224441 
0.211807 -0.360124 -0.268763 0.0326238 -0.3467 0.365674 0.44392 
0.135054 0.176956 0.300206 0.391777 0.253856 -0.133399 -0.372083 
0.116318 0.511521 -0.349902 0.194639 -0.223033 -0.0178478 -0.00324658 
0.439099 0.14661 -0.188091 0.0867126 0.215213 -0.0772784 -0.109464 
0.256945 0.242427 0.0832896 0.0509974 0.0320021 0.0842692 0.662325 
0.0733761 -0.721974 0.430913 -0.0845746 0.00982821 0.171954 0.0105403 
-0.368135 -0.087736 0.191367 -0.0412175 0.347741 -0.31544 0.717107 
0.57077 0.328854 0.489014 0.200052 -0.749537 -0.00554582 0.332872 
-0.0721649 0.393871 0.736061 0.236743 0.377741 0.117258 -0.130973 
0.687386 -0.157622 -0.214388 0.241022 -0.086726 -0.0432228 -0.0963978 
0.0216135 -0.212034 -0.483457 0.284415 -0.254183 -0.168778 0.100144 
0.00240633 -0.0351014 -0.308085 -0.260785 0.139576 -0.0385473 0.354211 
-0.192901 -0.293962 0.0918931 0.0938956 0.388846 -0.46656 0.0492332 
0.227666 0.0461414 0.295395 0.0349187 0.121867 -0.476347 0.29778 
-0.200358 0.141056 0.0917885 0.425037 -0.581863 0.129945 -0.499516 
0.255965 0.268115 -0.0846364 -0.157957 0.701722 -0.515933 0.495665 
-0.133453 -0.130079 0.594977 0.520712 0.333268 -0.380718 -0.178212 
0.155597 -0.240503 0.0616845 -0.0314744 0.233831 -0.235979 0.50626 
0.0720703 -0.0460082 -0.202577 0.122619 -0.374906 -0.20958 -0.411445 
0.296469 -0.0480646 0.353246 -0.241711 0.0381559 -0.190497 -0.322527 
-0.0638612 0.260799 -0.0928098 0.241317 -0.187851 0.0536099 -0.542652 
-0.715985 0.163606 -0.136118 0.385403 -0.229093 -0.0955387 0.216344 
0.38888 0.444008 0.126226 0.158928 0.0308108 0.167691 0.0411887 
0.479096 0.421348 0.223365 -0.118839 -0.0250006 0.142567 0.0331888 
0.402981 -0.10841 0.187607 0.420742 -0.0837094 0.00326911 -0.253876 
0.19917 0.0620487 0.133362 0.0488372 0.0198834 -0.145684 0.16733 
0.801717 0.22281 -0.158538 -0.572609 0.0771459 -0.189849 -0.389125 
0.220954 -0.33439 -0.438106 0.122709 -0.258442 -0.378298 -0.824203 
0.386339 -0.171633 -0.52824 0.0386222 0.191979 -0.430785 0.427933 
-0.0389887 0.412138 -0.172048 0.0688267 -0.183617 0.231329 0.287458 
-0.112824 -0.257284 -0.277173 0.0312784 -0.109313 -0.00554144 -0.0200818 
0.0936334 0.0913133 0.290187 -0.939666 0.0243894 0.153566 -0.231814 
0.325553 0.298124 -0.263611 0.141966 0.128082 0.562475 -0.076607 
0.232569 -0.477994 0.56172 -0.0887158 0.0574998 0.147767 -0.054786 
0.188274 0.318944 -0.136435 -0.0653389 0.0423717 -0.0916173 -0.0180579 
-0.0624566 -0.106337 0.214544 -0.216017 0.702765 -0.301371 0.211269 
-0.125868 0.34582 -0.00766128 -0.0299819 0.151804 -0.0698401 0.494954 
-0.282398 0.460724 0.433811 -0.359657 0.100708 0.539954 0.778068 
0.363826 0.168193 -0.189966 0.0748615 0.0542757 -0.0270034 -0.122451 
0.13254 -0.28474 -0.0608366 0.634456 -0.33835 -0.221233 -0.111167 
0.304726 0.302678 0.150032 0.196825 0.109272 -0.154826 -0.663432 
-0.292908 0.244517 -0.314213 0.446679 -0.44379 -0.040864 0.315782 
0.342319 0.0526816 0.504856 -0.0250095 0.311031 -0.112124 -0.537712 
0.185076 0.294542 0.280381 -0.738369 0.230955 -0.30604 0.00498283 
0.369318 -0.0137548 -0.33412 0.209506 0.137095 0.238467 0.254989 
0.423726 -0.297265 0.692449 0.115969 -0.154349 -0.0149054 -0.0161048 
-0.0556392 0.210049 0.218757 0.248293 0.52551 -0.483477 0.081362 
0.644523 -0.176433 -0.15425 -0.24292 0.510272 -0.273347 0.732773 
0.226168 -0.367714 0.628992 0.492587 -0.226166 0.222308 -0.22413 
0.727438 0.216825 0.00940037 -0.390273 -0.146019 -0.130808 0.122771 
0.177958 0.239308 0.0896946 0.0195718 -0.291749 -0.484144 -0.440015 
0.416249 -0.0873937 -0.333346 -0.455995 -0.117251 -0.325977 -0.213508 
-0.319287 0.0202381 0.33038 -0.0332312 0.444906 -0.512998 0.0799999 
0.457619 0.138471 0.30306 0.196485 -0.0297731 -0.110949 0.411596 
-0.397163 -0.213935 0.393447 0.441749 -0.345172 -0.265712 -0.0238895 
0.271764 -0.428465 -0.165536 -0.00702907 -0.511688 0.107424 0.244957 
-0.239938 0.40001 0.195513 0.193427 0.218219 -0.363697 0.0971974 
0.256047 -0.416068 -0.39007 -0.488573 0.197772 -0.0984204 -0.0468092 
-0.317776 0.177326 -0.447107 -0.103978 -0.0896025 0.0203236 -0.473163 
0.283693 0.36531 -0.122489 0.173388 0.204132 -0.0391073 0.0416879 
0.500781 0.352986 0.74597 -0.212745 0.0235446 0.0285207 -0.174039 
-0.263668 -0.507093 0.246446 -0.296217 0.276684 -0.483284 -0.446527 
0.382681 0.179426 0.263139 0.294356 0.263139 0.167561 -0.328408 
0.296093 -0.243256 0.152428 0.0190531 0.358053 -0.162123 -0.00809559 
